4028
4047
4061
4076
4128
4133
4145
4157
4169
4206
4215
4227
4233
4244
4255
4323
4325
4348
4360
4403
4413
4422
4436
4461
4525
4530
4538
4568
4586
4589
4614
4626
4643
4656
4692
4695
4716
4725
4762
4788
4790
4818
4827
4829
4860
4889
4897
4907
4917
4920
4975
4977
4992
4997
5025
5075
5097
5098
5108
5117
5120
5129
5139
5140
5152
5163
5186
5196
5213
5224
5269
5282
5294
5312
5324
5383
5393
5427
5441
5458
5461
5502
5510
5574
5605
5634
5636
5642
5677
5710
5711
5722
5724
5798
5831
5836
5840
5844
5878
5884
5888
5890
5896
5932
5945
6015
6027
6051
6087
6106
6109
6113
6123
6126
6130
6133
6143
6169
6182
6199
6215
6219
6235
6257
6260
6312
6323
6336
6351
6371
6385
6403
6436
6437
6474
6486
6493
6500
6512
6534
6541
6543
6562
6594
6608
6631
6641
6647
6651
6669
6697
6727
6747
6760
6773
6795
6799
6805
6834
6848
6852
6864
6872
6876
6911
6917
6933
6944
6948
6958
6974
6988
7016
7025
7030
7057
7077
7090
7104
7118
7153
7177
7187
7189
7190
7193
7194
7209
7220
7223
7236
7245
7247
7272
7281
7288
7301
7312
7324
7358
7361
7373
7387
7390
7393
7396
7412
7424
7435
7437
7449
7470
7508
7509
7532
7533
7543
7546
7570
7602
7608
7619
7625
7632
7633
7643
7645
7672
7698
7709
7726
7728
7740
7752
7754
7764
7771
7782
7790
7791
7794
7804
7810
7817
7818
7825
7827
7844
7846
7855
7856
7893
